1.6653
7.0367e-05
8.9212e-05
4.9254e-05
2.665e-05
2.5114e-05
8.438e-06
4.8682e-05
8.094e-06
4.9594e-05
2.9623e-05
3.9882e-05
8.021e-06
3.886e-05
7.517e-06
7.0416e-05
2.5719e-05
3.9532e-05
1.6089e-05
4.0298e-05
5.4007e-05
0.0153357
2.4244e-05
6.5922e-05
1.2227e-05
3.0946e-05
1.2549e-05
4.6697e-05
9.608e-06
5.2582e-05
8.096e-06
3.8404e-05
4.1318e-05
0.0169916
0.0237893
5.223e-05
1.0656e-05
5.0537e-05
8.923e-06
4.2774e-05
4.9461e-05
4.0659e-05
4.3926e-05
4.9414e-05
2.6323e-05
5.0702e-05
2.8215e-05
3.9215e-05
1.641e-05
3.2699e-05
7.077e-06
5.3163e-05
3.0095e-05
4.0694e-05
4.0945e-05
4.1087e-05
2.3731e-05
3.1116e-05
2.7508e-05
3.885e-05
7.935e-06
3.035e-05
2.7518e-05
2.8791e-05
9.359e-06
2.4617e-05
2.2159e-05
3.2305e-05
8.04e-06
3.0395e-05
9.15e-06
4.2614e-05
2.8742e-05
3.6374e-05
8.028e-06
9.4759e-05
5.3443e-05
5.1589e-05
2.6948e-05
4.2278e-05
2.911e-05
4.0123e-05
2.8596e-05
5.6826e-05
2.9789e-05
4.1401e-05
4.3798e-05
6.0174e-05
8.475e-06
4.9324e-05
8.075e-06
3.9571e-05
7.759e-06
4.5495e-05
2.4376e-05
9.1245e-05
8.482e-06
1.3491e-05
0.00060144
5.5889e-05
3.6204e-05
5.8104e-05
8.855e-06
9.1196e-05
8.521e-06
9.4564e-05
8.409e-06
8.9802e-05
2.5113e-05
6.0037e-05
2.3671e-05
0.000103605
3.7394e-05
0.0001015
2.8245e-05
9.6539e-05
3.6729e-05
8.9352e-05
2.9293e-05
8.8906e-05
2.7925e-05
9.3296e-05
2.816e-05
9.5411e-05
3.3798e-05
3.1608e-05
2.9926e-05
3.677e-05
1.7497e-05
3.6409e-05
1.553e-05
1.1561e-05
1.0955e-05
5.8586e-05
4.0954e-05
4.31e-05
1.7285e-05
3.5018e-05
8.317e-06
5.5503e-05
2.0966e-05
3.884e-05
6.2706e-05
5.859e-05
8.222e-06
2.8802e-05
8.515e-06
9.6387e-05
3.2661e-05
9.11e-05
3.2229e-05
6.1838e-05
7.832e-06
0.000102271
1.5171e-05
4.7629e-05
7.409e-06
3.2235e-05
2.2051e-05
0.00010161
9.882e-06
9.6072e-05
1.5555e-05
9.4142e-05
7.819e-06
4.0368e-05
8.537e-06
6.0565e-05
7.995e-06
3.9241e-05
1.2591e-05
3.5663e-05
1.8166e-05
2.1943e-05
1.1787e-05
5.9101e-05
2.9338e-05
4.107e-05
5.4001e-05
4.7645e-05
1.2384e-05
3.0987e-05
2.2745e-05
6.0299e-05
7.671e-06
7.5296e-05
1.489e-05
8.9634e-05
2.9319e-05
9.9986e-05
2.6802e-05
3.2265e-05
3.474e-05
8.9382e-05
2.4573e-05
4.7487e-05
9.729e-06
3.3959e-05
9.615e-06
3.6404e-05
7.902e-06
4.9583e-05
7.777e-06
5.5393e-05
8.357e-06
6.6779e-05
2.9107e-05
5.9422e-05
9.313e-06
