2.9126e-05
7.5098e-05
1.2762e-05
1.2251e-05
1.0784e-05
1.1035e-05
1.0786e-05
1.5094e-05
1.3014e-05
1.0924e-05
1.2264e-05
1.4171e-05
1.0265e-05
1.2529e-05
1.3668e-05
3.355e-05
1.0484e-05
1.0984e-05
1.1001e-05
1.3587e-05
1.0659e-05
2.3718e-05
2.0824e-05
1.4246e-05
8.707e-06
1.33e-05
8.767e-06
1.1221e-05
1.2746e-05
1.3496e-05
1.0739e-05
2.4033e-05
1.1458e-05
1.7046e-05
5.2513e-05
1.1282e-05
9.615e-06
1.7538e-05
1.164e-05
1.1445e-05
1.1163e-05
1.0962e-05
1.1294e-05
1.2091e-05
1.2496e-05
1.329e-05
1.268e-05
1.0809e-05
1.2997e-05
1.1144e-05
1.3326e-05
1.9187e-05
1.3042e-05
2.7596e-05
1.1192e-05
1.3532e-05
1.2562e-05
1.3229e-05
9.866e-06
1.3446e-05
1.1668e-05
8.972e-06
1.0865e-05
3.056e-05
1.603e-05
1.0564e-05
1.2408e-05
7.991e-06
8.186e-06
1.3453e-05
9.344e-06
1.0255e-05
9.533e-06
1.3813e-05
1.8005e-05
1.73e-05
1.1444e-05
1.3379e-05
1.0791e-05
1.3311e-05
1.719e-05
1.1391e-05
1.0091e-05
1.2728e-05
1.2726e-05
1.0145e-05
1.1891e-05
3.907e-05
1.2833e-05
1.1658e-05
1.0683e-05
1.3231e-05
1.1201e-05
3.2018e-05
1.9584e-05
1.266e-05
1.0656e-05
2.1076e-05
7.1152e-05
4.0614e-05
1.3559e-05
8.5854e-05
1.1393e-05
1.2339e-05
1.0126e-05
4.7394e-05
8.451e-06
9.584e-06
1.167e-05
8.98e-06
9.374e-06
3.4535e-05
8.008e-06
3.8133e-05
9.661e-06
3.9131e-05
1.1166e-05
8.875e-06
9.394e-06
9.248e-06
1.4637e-05
9.534e-06
8.707e-06
5.0918e-05
1.3181e-05
1.1127e-05
1.1557e-05
1.0764e-05
1.0731e-05
1.0118e-05
1.0846e-05
9.245e-06
1.0624e-05
4.5425e-05
1.0818e-05
1.1281e-05
1.0937e-05
2.0936e-05
1.2655e-05
3.3177e-05
2.3823e-05
1.1107e-05
1.1939e-05
7.9158e-05
1.1917e-05
1.8181e-05
1.122e-05
0.000119315
1.0441e-05
1.5794e-05
9.617e-06
3.5602e-05
9.061e-06
3.0128e-05
8.325e-06
1.1336e-05
7.883e-06
1.3666e-05
9.313e-06
1.2119e-05
1.1057e-05
3.5336e-05
8.826e-06
1.0176e-05
1.1398e-05
1.6565e-05
1.1101e-05
4.0924e-05
9.427e-06
1.0302e-05
1.1166e-05
1.1259e-05
1.0414e-05
2.1367e-05
1.1312e-05
8.013e-05
2.1761e-05
2.0061e-05
1.1379e-05
1.0388e-05
1.0743e-05
1.1291e-05
1.0851e-05
5.8014e-05
1.2402e-05
8.999e-06
1.8049e-05
1.5449e-05
9.863e-06
3.5743e-05
1.1658e-05
1.6363e-05
1.1258e-05
1.2157e-05
1.0751e-05
1.2969e-05
1.189e-05
2.3529e-05
1.159e-05
1.0664e-05
9.617e-06
3.7208e-05
1.3023e-05
1.1392e-05
1.0017e-05
3.4391e-05
2.0288e-05
5.1184e-05
1.0883e-05
